corridor 75
3 24 27
3 39 82
4 15 22
4 23 27
4 39 41
4 79 81
5 79 81
6 29 31
6 34 41
6 80 82
7 30 32
7 37 41
7 80 83
8 8 10
8 30 31
8 37 39
8 40 42
8 68 84
9 9 10
9 30 31
9 37 38
9 41 42
9 83 86
10 9 10
10 30 31
10 37 39
10 41 42
11 9 12
11 30 31
11 37 39
11 41 42
11 58 60
12 9 11
12 30 31
12 41 42
12 57 60
13 9 21
13 30 31
13 41 42
13 57 59
13 90 93
14 19 21
14 30 33
14 41 42
14 57 59
14 90 92
15 19 26
15 31 33
15 40 42
15 57 59
15 90 92
16 20 26
16 31 34
16 40 42
16 57 59
16 90 92
17 20 26
17 31 34
17 57 59
17 90 92
18 22 30
18 31 34
18 52 55
18 68 92
19 79 81
20 9 10
20 49 53
20 80 82
21 9 10
21 31 36
21 80 83
22 9 19
22 31 36
23 9 36
24 9 36